Length(mm),B.n(Tesla)
0.00000000e+000,3.27152399e-001
1.86791194e-002,3.27050407e-001
3.73582388e-002,3.26948411e-001
5.60373582e-002,3.26846416e-001
7.47164777e-002,3.26824321e-001
9.33955971e-002,3.26822792e-001
1.12074716e-001,3.26821263e-001
1.30753836e-001,3.26820380e-001
1.49432955e-001,3.26823820e-001
1.68112075e-001,3.26866734e-001
1.86791194e-001,3.26925287e-001
2.05470314e-001,3.26983840e-001
2.24149433e-001,3.27042394e-001
2.42828552e-001,3.27100947e-001
2.61507672e-001,3.27159501e-001
2.80186791e-001,3.27201369e-001
2.98865911e-001,3.27188920e-001
3.17545030e-001,3.27174585e-001
3.36224149e-001,3.27124601e-001
3.54903269e-001,3.27074616e-001
3.73582388e-001,3.27024632e-001
3.92261508e-001,3.26974647e-001
4.10940627e-001,3.26924663e-001
4.29619746e-001,3.26874678e-001
4.48298866e-001,3.26824694e-001
4.66977985e-001,3.26774710e-001
4.85657105e-001,3.26724725e-001
5.04336224e-001,3.26674741e-001
5.23015344e-001,3.26624756e-001
5.41694463e-001,3.26574772e-001
5.60373582e-001,3.26561883e-001
5.79052702e-001,3.26634154e-001
5.97731821e-001,3.26706425e-001
6.16410941e-001,3.26778696e-001
6.35090060e-001,3.26850967e-001
6.53769179e-001,3.26923237e-001
6.72448299e-001,3.26995508e-001
6.91127418e-001,3.27067779e-001
7.09806538e-001,3.27140050e-001
7.28485657e-001,3.27212320e-001
7.47164777e-001,3.27284591e-001
7.65843896e-001,3.27356862e-001
7.84523015e-001,3.27428564e-001
8.03202135e-001,3.27499247e-001
8.21881254e-001,3.27569930e-001
8.40560374e-001,3.27652322e-001
8.59239493e-001,3.27772507e-001
8.77918612e-001,3.27892692e-001
8.96597732e-001,3.28012878e-001
9.15276851e-001,3.28133063e-001
9.33955971e-001,3.28253248e-001
9.52635090e-001,3.28373434e-001
9.71314209e-001,3.28493619e-001
9.89993329e-001,3.28613804e-001
1.00867245e+000,3.28733990e-001
1.02735157e+000,3.28854175e-001
1.04603069e+000,3.28974360e-001
1.06470981e+000,3.29094546e-001
1.08338893e+000,3.29214731e-001
1.10206805e+000,3.29334916e-001
1.12074716e+000,3.29455102e-001
1.13942628e+000,3.29575287e-001
1.15810540e+000,3.29695472e-001
1.17678452e+000,3.29815658e-001
1.19546364e+000,3.29935843e-001
1.21414276e+000,3.30056028e-001
1.23282188e+000,3.30172804e-001
1.25150100e+000,3.30286842e-001
1.27018012e+000,3.30400880e-001
1.28885924e+000,3.30514919e-001
1.30753836e+000,3.30628957e-001
1.32621748e+000,3.30742995e-001
1.34489660e+000,3.30857033e-001
1.36357572e+000,3.30971071e-001
1.38225484e+000,3.31085110e-001
1.40093396e+000,3.31199148e-001
1.41961308e+000,3.31313186e-001
1.43829219e+000,3.31427224e-001
1.45697131e+000,3.31541262e-001
1.47565043e+000,3.31655300e-001
1.49432955e+000,3.31747883e-001
1.51300867e+000,3.31836788e-001
1.53168779e+000,3.31925692e-001
1.55036691e+000,3.32014597e-001
1.56904603e+000,3.32103501e-001
1.58772515e+000,3.32192406e-001
1.60640427e+000,3.32281310e-001
1.62508339e+000,3.32370215e-001
1.64376251e+000,3.32459120e-001
1.66244163e+000,3.32548024e-001
1.68112075e+000,3.32636929e-001
1.69979987e+000,3.32725833e-001
1.71847899e+000,3.32814738e-001
1.73715811e+000,3.32903642e-001
1.75583722e+000,3.32992547e-001
1.77451634e+000,3.33081451e-001
1.79319546e+000,3.33170356e-001
1.81187458e+000,3.33259260e-001
1.83055370e+000,3.33348165e-001
1.84923282e+000,3.33437070e-001
1.86791194e+000,3.33525974e-001
1.88659106e+000,3.33614879e-001
1.90527018e+000,3.33703783e-001
1.92394930e+000,3.33792688e-001
1.94262842e+000,3.33881592e-001
1.96130754e+000,3.33970497e-001
1.97998666e+000,3.34059401e-001
1.99866578e+000,3.34148306e-001
2.01734490e+000,3.34310727e-001
2.03602402e+000,3.34504285e-001
2.05470314e+000,3.34697842e-001
2.07338225e+000,3.34891399e-001
2.09206137e+000,3.35084957e-001
2.11074049e+000,3.35278514e-001
2.12941961e+000,3.35472071e-001
2.14809873e+000,3.35665629e-001
2.16677785e+000,3.35859186e-001
2.18545697e+000,3.36052743e-001
2.20413609e+000,3.36246301e-001
2.22281521e+000,3.36439858e-001
2.24149433e+000,3.36633416e-001
2.26017345e+000,3.36826973e-001
2.27885257e+000,3.37020530e-001
2.29753169e+000,3.37082866e-001
2.31621081e+000,3.37132191e-001
2.33488993e+000,3.37181516e-001
2.35356905e+000,3.37230841e-001
2.37224817e+000,3.37280166e-001
2.39092728e+000,3.37329491e-001
2.40960640e+000,3.37378816e-001
2.42828552e+000,3.37428141e-001
2.44696464e+000,3.37477466e-001
2.46564376e+000,3.37526791e-001
2.48432288e+000,3.37576116e-001
2.50300200e+000,3.37625441e-001
2.52168112e+000,3.37674767e-001
2.54036024e+000,3.37724092e-001
2.55903936e+000,3.37773417e-001
2.57771848e+000,3.37822742e-001
2.59639760e+000,3.37872067e-001
2.61507672e+000,3.37921392e-001
2.63375584e+000,3.37970717e-001
2.65243496e+000,3.38020042e-001
2.67111408e+000,3.38069367e-001
2.68979320e+000,3.38118692e-001
2.70847231e+000,3.38168017e-001
2.72715143e+000,3.38217342e-001
2.74583055e+000,3.38266667e-001
2.76450967e+000,3.38315992e-001
2.78318879e+000,3.38365317e-001
2.80186791e+000,3.38414643e-001
2.82054703e+000,3.38463968e-001
2.83922615e+000,3.38513293e-001
2.85790527e+000,3.38562618e-001
2.87658439e+000,3.38611943e-001
2.89526351e+000,3.38661268e-001
2.91394263e+000,3.38710593e-001
2.93262175e+000,3.38759918e-001
2.95130087e+000,3.38809243e-001
2.96997999e+000,3.38858568e-001
2.98865911e+000,3.38907893e-001
3.00733823e+000,3.38957218e-001
3.02601734e+000,3.39006543e-001
3.04469646e+000,3.39055868e-001
3.06337558e+000,3.39105193e-001
3.08205470e+000,3.39154519e-001
3.10073382e+000,3.39203844e-001
3.11941294e+000,3.39253169e-001
3.13809206e+000,3.39383488e-001
3.15677118e+000,3.39682850e-001
3.17545030e+000,3.39982211e-001
3.19412942e+000,3.40281573e-001
3.21280854e+000,3.40580934e-001
3.23148766e+000,3.40880296e-001
3.25016678e+000,3.41179657e-001
3.26884590e+000,3.41479019e-001
3.28752502e+000,3.41778381e-001
3.30620414e+000,3.42077742e-001
3.32488326e+000,3.42377104e-001
3.34356237e+000,3.42676465e-001
3.36224149e+000,3.42975827e-001
3.38092061e+000,3.43275188e-001
3.39959973e+000,3.43574550e-001
3.41827885e+000,3.43873911e-001
3.43695797e+000,3.44170930e-001
3.45563709e+000,3.44423913e-001
3.47431621e+000,3.44676896e-001
3.49299533e+000,3.44929879e-001
3.51167445e+000,3.45182862e-001
3.53035357e+000,3.45435845e-001
3.54903269e+000,3.45688828e-001
3.56771181e+000,3.45941811e-001
3.58639093e+000,3.46194794e-001
3.60507005e+000,3.46447777e-001
3.62374917e+000,3.46700760e-001
3.64242829e+000,3.46953743e-001
3.66110740e+000,3.47206726e-001
3.67978652e+000,3.47459709e-001
3.69846564e+000,3.47712693e-001
3.71714476e+000,3.47965676e-001
3.73582388e+000,3.48218659e-001
3.75450300e+000,3.48471642e-001
3.77318212e+000,3.48724625e-001
3.79186124e+000,3.48977608e-001
3.81054036e+000,3.49230591e-001
3.82921948e+000,3.49483574e-001
3.84789860e+000,3.49736557e-001
3.86657772e+000,3.49989540e-001
3.88525684e+000,3.50242523e-001
3.90393596e+000,3.50495506e-001
3.92261508e+000,3.50748489e-001
3.94129420e+000,3.51001472e-001
3.95997332e+000,3.51254455e-001
3.97865243e+000,3.51507439e-001
3.99733155e+000,3.51760422e-001
4.01601067e+000,3.52024226e-001
4.03468979e+000,3.52410505e-001
4.05336891e+000,3.52796783e-001
4.07204803e+000,3.53183062e-001
4.09072715e+000,3.53569341e-001
4.10940627e+000,3.53955620e-001
4.12808539e+000,3.54341899e-001
4.14676451e+000,3.54728178e-001
4.16544363e+000,3.55114457e-001
4.18412275e+000,3.55500736e-001
4.20280187e+000,3.55887015e-001
4.22148099e+000,3.56273294e-001
4.24016011e+000,3.56659572e-001
4.25883923e+000,3.57045851e-001
4.27751835e+000,3.57432130e-001
4.29619746e+000,3.57818409e-001
4.31487658e+000,3.58204688e-001
4.33355570e+000,3.58590967e-001
4.35223482e+000,3.58977246e-001
4.37091394e+000,3.59363525e-001
4.38959306e+000,3.59749804e-001
4.40827218e+000,3.60136083e-001
4.42695130e+000,3.60304730e-001
4.44563042e+000,3.60263148e-001
4.46430954e+000,3.60221567e-001
4.48298866e+000,3.60179985e-001
4.50166778e+000,3.60138404e-001
4.52034690e+000,3.60096822e-001
4.53902602e+000,3.60055241e-001
4.55770514e+000,3.60013659e-001
4.57638426e+000,3.59972078e-001
4.59506338e+000,3.59930496e-001
4.61374249e+000,3.59888914e-001
4.63242161e+000,3.59847333e-001
4.65110073e+000,3.59805751e-001
4.66977985e+000,3.59764170e-001
4.68845897e+000,3.59722588e-001
4.70713809e+000,3.59681007e-001
4.72581721e+000,3.59639425e-001
4.74449633e+000,3.59597844e-001
4.76317545e+000,3.59556262e-001
4.78185457e+000,3.59514681e-001
4.80053369e+000,3.59473099e-001
4.81921281e+000,3.59431517e-001
4.83789193e+000,3.59389936e-001
4.85657105e+000,3.59348354e-001
4.87525017e+000,3.59306773e-001
4.89392929e+000,3.59265191e-001
4.91260841e+000,3.59223610e-001
4.93128753e+000,3.59182028e-001
4.94996664e+000,3.59140447e-001
4.96864576e+000,3.59098865e-001
4.98732488e+000,3.59057284e-001
5.00600400e+000,3.59015702e-001
5.02468312e+000,3.58974120e-001
5.04336224e+000,3.58932539e-001
5.06204136e+000,3.58890957e-001
5.08072048e+000,3.58849376e-001
5.09939960e+000,3.58807794e-001
5.11807872e+000,3.58766213e-001
5.13675784e+000,3.59088445e-001
5.15543696e+000,3.59549690e-001
5.17411608e+000,3.59976615e-001
5.19279520e+000,3.60017632e-001
5.21147432e+000,3.60058649e-001
5.23015344e+000,3.60099666e-001
5.24883256e+000,3.60140683e-001
5.26751167e+000,3.60181700e-001
5.28619079e+000,3.60222717e-001
5.30486991e+000,3.60263734e-001
5.32354903e+000,3.60304751e-001
5.34222815e+000,3.60345768e-001
5.36090727e+000,3.60386785e-001
5.37958639e+000,3.60427757e-001
5.39826551e+000,3.60468527e-001
5.41694463e+000,3.60509296e-001
5.43562375e+000,3.60550066e-001
5.45430287e+000,3.60590835e-001
5.47298199e+000,3.60631605e-001
5.49166111e+000,3.60672375e-001
5.51034023e+000,3.60713144e-001
5.52901935e+000,3.60753914e-001
5.54769847e+000,3.60794683e-001
5.56637759e+000,3.60835453e-001
5.58505670e+000,3.60876223e-001
5.60373582e+000,3.60916992e-001
5.62241494e+000,3.60957762e-001
5.64109406e+000,3.60998531e-001
5.65977318e+000,3.61039301e-001
5.67845230e+000,3.61080071e-001
5.69713142e+000,3.61120840e-001
5.71581054e+000,3.61161610e-001
5.73448966e+000,3.61202379e-001
5.75316878e+000,3.61243149e-001
5.77184790e+000,3.61283918e-001
5.79052702e+000,3.61324688e-001
5.80920614e+000,3.61365458e-001
5.82788526e+000,3.61406227e-001
5.84656438e+000,3.60935474e-001
5.86524350e+000,3.60185796e-001
5.88392262e+000,3.59436118e-001
5.90260173e+000,3.58686440e-001
5.92128085e+000,3.57936762e-001
5.93995997e+000,3.57187085e-001
5.95863909e+000,3.56437407e-001
5.97731821e+000,3.55687729e-001
5.99599733e+000,3.55008006e-001
6.01467645e+000,3.54599569e-001
6.03335557e+000,3.54191131e-001
6.05203469e+000,3.53782693e-001
6.07071381e+000,3.53374255e-001
6.08939293e+000,3.52965817e-001
6.10807205e+000,3.52557380e-001
6.12675117e+000,3.52148942e-001
6.14543029e+000,3.51740504e-001
6.16410941e+000,3.51332066e-001
6.18278853e+000,3.50923628e-001
6.20146765e+000,3.50515191e-001
6.22014676e+000,3.50106753e-001
6.23882588e+000,3.49698315e-001
6.25750500e+000,3.49289877e-001
6.27618412e+000,3.48881439e-001
6.29486324e+000,3.48473001e-001
6.31354236e+000,3.48064564e-001
6.33222148e+000,3.47656126e-001
6.35090060e+000,3.47247688e-001
6.36957972e+000,3.46839250e-001
6.38825884e+000,3.46435112e-001
6.40693796e+000,3.46155699e-001
6.42561708e+000,3.45876286e-001
6.44429620e+000,3.45596872e-001
6.46297532e+000,3.45317459e-001
6.48165444e+000,3.45038046e-001
6.50033356e+000,3.44758633e-001
6.51901268e+000,3.44479220e-001
6.53769179e+000,3.44199807e-001
6.55637091e+000,3.42253188e-001
6.57505003e+000,3.39841201e-001
6.59372915e+000,3.37429214e-001
6.61240827e+000,3.35017226e-001
6.63108739e+000,3.32605239e-001
6.64976651e+000,3.30193252e-001
6.66844563e+000,3.27781265e-001
6.68712475e+000,3.25369277e-001
6.70580387e+000,3.22957290e-001
6.72448299e+000,3.20545303e-001
6.74316211e+000,3.18133316e-001
6.76184123e+000,3.15721328e-001
6.78052035e+000,3.13309341e-001
6.79919947e+000,3.10897354e-001
6.81787859e+000,3.08485366e-001
6.83655771e+000,3.06073379e-001
6.85523682e+000,3.03661392e-001
6.87391594e+000,3.01169018e-001
6.89259506e+000,2.98150528e-001
6.91127418e+000,2.95132038e-001
6.92995330e+000,2.92113548e-001
6.94863242e+000,2.89095057e-001
6.96731154e+000,2.86076567e-001
6.98599066e+000,2.83058077e-001
7.00466978e+000,2.80039587e-001
7.02334890e+000,2.77021097e-001
7.04202802e+000,2.74002607e-001
7.06070714e+000,2.70984116e-001
7.07938626e+000,2.67965626e-001
7.09806538e+000,2.64947136e-001
7.11674450e+000,2.61928646e-001
7.13542362e+000,2.58910156e-001
7.15410274e+000,2.55891666e-001
7.17278185e+000,2.52873175e-001
7.19146097e+000,2.49854685e-001
7.21014009e+000,2.46836195e-001
7.22881921e+000,2.43817705e-001
7.24749833e+000,2.40799215e-001
7.26617745e+000,2.37780724e-001
7.28485657e+000,2.34762234e-001
7.30353569e+000,2.31743744e-001
7.32221481e+000,2.27802121e-001
7.34089393e+000,2.22511768e-001
7.35957305e+000,2.17221415e-001
7.37825217e+000,2.11931061e-001
7.39693129e+000,2.06640708e-001
7.41561041e+000,1.98098256e-001
7.43428953e+000,1.85794303e-001
7.45296865e+000,1.73490351e-001
7.47164777e+000,1.61186399e-001
7.49032688e+000,1.51682351e-001
7.50900600e+000,1.44153555e-001
7.52768512e+000,1.36624759e-001
7.54636424e+000,1.29095963e-001
7.56504336e+000,1.21567167e-001
7.58372248e+000,1.14038371e-001
7.60240160e+000,1.06509575e-001
7.62108072e+000,9.87428390e-002
7.63975984e+000,9.09370863e-002
7.65843896e+000,8.31313336e-002
7.67711808e+000,7.83141775e-002
7.69579720e+000,7.36173411e-002
7.71447632e+000,6.89205046e-002
7.73315544e+000,6.42236681e-002
7.75183456e+000,5.95268317e-002
7.77051368e+000,5.48299952e-002
7.78919280e+000,5.01331587e-002
7.80787191e+000,4.54363223e-002
7.82655103e+000,4.07394858e-002
7.84523015e+000,3.63347241e-002
7.86390927e+000,3.19612735e-002
7.88258839e+000,2.75878228e-002
7.90126751e+000,2.32143721e-002
7.91994663e+000,1.88409214e-002
7.93862575e+000,1.44674707e-002
7.95730487e+000,1.00940200e-002
7.97598399e+000,5.72056932e-003
7.99466311e+000,1.70598521e-003
8.01334223e+000,-8.48588565e-005
8.03202135e+000,-1.87570292e-003
8.05070047e+000,-3.66654698e-003
8.06937959e+000,-5.45739104e-003
8.08805871e+000,-7.24823510e-003
8.10673783e+000,-9.03907917e-003
8.12541694e+000,-1.08299232e-002
8.14409606e+000,-1.26207673e-002
8.16277518e+000,-1.44116114e-002
8.18145430e+000,-1.62024554e-002
8.20013342e+000,-1.79932995e-002
8.21881254e+000,-1.97841435e-002
8.23749166e+000,-2.15749876e-002
8.25617078e+000,-2.33658317e-002
8.27484990e+000,-2.51566757e-002
8.29352902e+000,-2.67616883e-002
8.31220814e+000,-2.78003491e-002
8.33088726e+000,-2.88421570e-002
8.34956638e+000,-3.06810496e-002
8.36824550e+000,-3.25199422e-002
8.38692462e+000,-3.43588347e-002
8.40560374e+000,-3.61977273e-002
8.42428286e+000,-3.80366198e-002
8.44296197e+000,-3.98755124e-002
8.46164109e+000,-4.17144049e-002
8.48032021e+000,-4.35532975e-002
8.49899933e+000,-4.53921901e-002
8.51767845e+000,-4.72310826e-002
8.53635757e+000,-4.90699752e-002
8.55503669e+000,-5.09088677e-002
8.57371581e+000,-5.19914833e-002
8.59239493e+000,-5.29563544e-002
8.61107405e+000,-5.39212255e-002
8.62975317e+000,-5.48860966e-002
8.64843229e+000,-5.58509677e-002
8.66711141e+000,-5.68158388e-002
8.68579053e+000,-5.77807099e-002
8.70446965e+000,-5.87455810e-002
8.72314877e+000,-5.97104522e-002
8.74182789e+000,-6.06753233e-002
8.76050700e+000,-6.16401944e-002
8.77918612e+000,-6.26050655e-002
8.79786524e+000,-6.35699366e-002
8.81654436e+000,-6.45348077e-002
8.83522348e+000,-6.51851926e-002
8.85390260e+000,-6.55607485e-002
8.87258172e+000,-6.59363045e-002
8.89126084e+000,-6.63118604e-002
8.90993996e+000,-6.66874163e-002
8.92861908e+000,-6.70629723e-002
8.94729820e+000,-6.74385282e-002
8.96597732e+000,-6.77812945e-002
8.98465644e+000,-6.73941237e-002
9.00333556e+000,-6.70069530e-002
9.02201468e+000,-6.66197822e-002
9.04069380e+000,-6.62326115e-002
9.05937292e+000,-6.58454407e-002
9.07805203e+000,-6.54582699e-002
9.09673115e+000,-6.50710992e-002
9.11541027e+000,-6.46839284e-002
9.13408939e+000,-6.42967577e-002
9.15276851e+000,-6.39095869e-002
9.17144763e+000,-6.35224161e-002
9.19012675e+000,-6.35475397e-002
9.20880587e+000,-6.36026787e-002
9.22748499e+000,-6.36578176e-002
9.24616411e+000,-6.37129565e-002
9.26484323e+000,-6.37680955e-002
9.28352235e+000,-6.38232344e-002
9.30220147e+000,-6.38783734e-002
9.32088059e+000,-6.39335123e-002
9.33955971e+000,-6.39886513e-002
9.35823883e+000,-6.40437902e-002
9.37691795e+000,-6.40989292e-002
9.39559706e+000,-6.41540681e-002
9.41427618e+000,-6.42092070e-002
9.43295530e+000,-6.42643460e-002
9.45163442e+000,-6.43194849e-002
9.47031354e+000,-6.43746239e-002
9.48899266e+000,-6.44297628e-002
9.50767178e+000,-6.44849018e-002
9.52635090e+000,-6.45400407e-002
9.54503002e+000,-6.45951797e-002
9.56370914e+000,-6.46503186e-002
9.58238826e+000,-6.47054576e-002
9.60106738e+000,-6.47605965e-002
9.61974650e+000,-6.48157354e-002
9.63842562e+000,-6.48708744e-002
9.65710474e+000,-6.49260133e-002
9.67578386e+000,-6.49811523e-002
9.69446298e+000,-6.50362912e-002
9.71314209e+000,-6.50914302e-002
9.73182121e+000,-6.51465691e-002
9.75050033e+000,-6.52017081e-002
9.76917945e+000,-6.52568470e-002
9.78785857e+000,-6.53119859e-002
9.80653769e+000,-6.53671249e-002
9.82521681e+000,-6.54222638e-002
9.84389593e+000,-6.51494337e-002
9.86257505e+000,-6.48263583e-002
9.88125417e+000,-6.45032830e-002
9.89993329e+000,-6.41802077e-002
9.91861241e+000,-6.38571324e-002
9.93729153e+000,-6.35340570e-002
9.95597065e+000,-6.32109817e-002
9.97464977e+000,-6.28879064e-002
9.99332889e+000,-6.25648311e-002
1.00120080e+001,-6.22417558e-002
1.00306871e+001,-6.19186804e-002
1.00493662e+001,-6.15956051e-002
1.00680454e+001,-6.12725298e-002
1.00867245e+001,-6.09494545e-002
1.01054036e+001,-6.06263791e-002
1.01240827e+001,-6.03033038e-002
1.01427618e+001,-5.99802285e-002
1.01614410e+001,-5.96571532e-002
1.01801201e+001,-5.93340778e-002
1.01987992e+001,-5.90110025e-002
1.02174783e+001,-5.86879272e-002
1.02361574e+001,-5.83648519e-002
1.02548366e+001,-5.80417765e-002
1.02735157e+001,-5.77187012e-002
1.02921948e+001,-5.73956259e-002
1.03108739e+001,-5.70725506e-002
1.03295530e+001,-5.67494752e-002
1.03482322e+001,-5.64263999e-002
1.03669113e+001,-5.61033246e-002
1.03855904e+001,-5.57802493e-002
1.04042695e+001,-5.54571739e-002
1.04229486e+001,-5.51340986e-002
1.04416278e+001,-5.48110233e-002
1.04603069e+001,-5.44879480e-002
1.04789860e+001,-5.43691655e-002
1.04976651e+001,-5.43317929e-002
1.05163442e+001,-5.42944204e-002
1.05350233e+001,-5.42570478e-002
1.05537025e+001,-5.42196752e-002
1.05723816e+001,-5.41823027e-002
1.05910607e+001,-5.41449301e-002
1.06097398e+001,-5.41075575e-002
1.06284189e+001,-5.40701849e-002
1.06470981e+001,-5.40328124e-002
1.06657772e+001,-5.39954398e-002
1.06844563e+001,-5.39580672e-002
1.07031354e+001,-5.39206947e-002
1.07218145e+001,-5.38833221e-002
1.07404937e+001,-5.38459495e-002
1.07591728e+001,-5.38085769e-002
1.07778519e+001,-5.37712044e-002
1.07965310e+001,-5.37338318e-002
1.08152101e+001,-5.36964592e-002
1.08338893e+001,-5.36590867e-002
1.08525684e+001,-5.36217141e-002
1.08712475e+001,-5.35843415e-002
1.08899266e+001,-5.35469689e-002
1.09086057e+001,-5.35095964e-002
1.09272849e+001,-5.34722238e-002
1.09459640e+001,-5.34348512e-002
1.09646431e+001,-5.33974787e-002
1.09833222e+001,-5.33601061e-002
1.10020013e+001,-5.33227335e-002
1.10206805e+001,-5.31734937e-002
1.10393596e+001,-5.30015102e-002
1.10580387e+001,-5.28295266e-002
1.10767178e+001,-5.26575430e-002
1.10953969e+001,-5.24855595e-002
1.11140761e+001,-5.23135759e-002
1.11327552e+001,-5.21415924e-002
1.11514343e+001,-5.19696088e-002
1.11701134e+001,-5.17976253e-002
1.11887925e+001,-5.16256417e-002
1.12074716e+001,-5.14536581e-002
1.12261508e+001,-5.12816746e-002
1.12448299e+001,-5.11096910e-002
1.12635090e+001,-5.09377075e-002
1.12821881e+001,-5.07657239e-002
1.13008672e+001,-5.05937404e-002
1.13195464e+001,-5.04217568e-002
1.13382255e+001,-5.02497732e-002
1.13569046e+001,-5.00777897e-002
1.13755837e+001,-4.99058061e-002
1.13942628e+001,-4.97338226e-002
1.14129420e+001,-4.95618390e-002
1.14316211e+001,-4.93898555e-002
1.14503002e+001,-4.92178719e-002
1.14689793e+001,-4.90458883e-002
1.14876584e+001,-4.88739048e-002
1.15063376e+001,-4.87019212e-002
1.15250167e+001,-4.85299377e-002
1.15436958e+001,-4.83579541e-002
1.15623749e+001,-4.81859706e-002
1.15810540e+001,-4.80139870e-002
1.15997332e+001,-4.78420035e-002
1.16184123e+001,-4.76700199e-002
1.16370914e+001,-4.74980363e-002
1.16557705e+001,-4.73260528e-002
1.16744496e+001,-4.71540692e-002
1.16931288e+001,-4.69820857e-002
1.17118079e+001,-4.68101021e-002
1.17304870e+001,-4.66381186e-002
1.17491661e+001,-4.64661350e-002
1.17678452e+001,-4.62941514e-002
1.17865243e+001,-4.61221679e-002
1.18052035e+001,-4.60526804e-002
1.18238826e+001,-4.60043542e-002
1.18425617e+001,-4.58832508e-002
1.18612408e+001,-4.57386245e-002
1.18799199e+001,-4.55695748e-002
1.18985991e+001,-4.53708977e-002
1.19172782e+001,-4.51722206e-002
1.19359573e+001,-4.49735435e-002
1.19546364e+001,-4.47748664e-002
1.19733155e+001,-4.45761893e-002
1.19919947e+001,-4.43775121e-002
1.20106738e+001,-4.41788350e-002
1.20293529e+001,-4.39801579e-002
1.20480320e+001,-4.37814808e-002
1.20667111e+001,-4.35828037e-002
1.20853903e+001,-4.33841266e-002
1.21040694e+001,-4.31854495e-002
1.21227485e+001,-4.29867724e-002
1.21414276e+001,-4.27880953e-002
1.21601067e+001,-4.25894182e-002
1.21787859e+001,-4.23907411e-002
1.21974650e+001,-4.21920640e-002
1.22161441e+001,-4.19933869e-002
1.22348232e+001,-4.17947098e-002
1.22535023e+001,-4.15960327e-002
1.22721815e+001,-4.13973556e-002
1.22908606e+001,-4.11986785e-002
1.23095397e+001,-4.10000014e-002
1.23282188e+001,-4.08013243e-002
1.23468979e+001,-4.06026472e-002
1.23655771e+001,-4.04039701e-002
1.23842562e+001,-4.02052930e-002
1.24029353e+001,-4.00066159e-002
1.24216144e+001,-3.98079388e-002
1.24402935e+001,-3.96092617e-002
1.24589726e+001,-3.94105846e-002
1.24776518e+001,-3.92119075e-002
1.24963309e+001,-3.90132304e-002
1.25150100e+001,-3.88145533e-002
1.25336891e+001,-3.86158762e-002
1.25523682e+001,-3.84171991e-002
1.25710474e+001,-3.82185220e-002
1.25897265e+001,-3.80198449e-002
1.26084056e+001,-3.78211678e-002
1.26270847e+001,-3.76224907e-002
1.26457638e+001,-3.74815208e-002
1.26644430e+001,-3.74272626e-002
1.26831221e+001,-3.73730044e-002
1.27018012e+001,-3.73187461e-002
1.27204803e+001,-3.72644879e-002
1.27391594e+001,-3.72102297e-002
1.27578386e+001,-3.71559715e-002
1.27765177e+001,-3.71017132e-002
1.27951968e+001,-3.70474550e-002
1.28138759e+001,-3.69931968e-002
1.28325550e+001,-3.69389386e-002
1.28512342e+001,-3.68846804e-002
1.28699133e+001,-3.68304221e-002
1.28885924e+001,-3.67761639e-002
1.29072715e+001,-3.67219057e-002
1.29259506e+001,-3.66676475e-002
1.29446298e+001,-3.66133892e-002
1.29633089e+001,-3.65591310e-002
1.29819880e+001,-3.65048728e-002
1.30006671e+001,-3.64506146e-002
1.30193462e+001,-3.63963564e-002
1.30380254e+001,-3.63420981e-002
1.30567045e+001,-3.62878399e-002
1.30753836e+001,-3.62335817e-002
1.30940627e+001,-3.61793235e-002
1.31127418e+001,-3.61250652e-002
1.31314209e+001,-3.60708070e-002
1.31501001e+001,-3.60165488e-002
1.31687792e+001,-3.59622906e-002
1.31874583e+001,-3.59080324e-002
1.32061374e+001,-3.58537741e-002
1.32248165e+001,-3.57995159e-002
1.32434957e+001,-3.57452577e-002
1.32621748e+001,-3.56909995e-002
1.32808539e+001,-3.56367413e-002
1.32995330e+001,-3.55824830e-002
1.33182121e+001,-3.55282248e-002
1.33368913e+001,-3.54597353e-002
1.33555704e+001,-3.53369835e-002
1.33742495e+001,-3.52142316e-002
1.33929286e+001,-3.50914798e-002
1.34116077e+001,-3.49687279e-002
1.34302869e+001,-3.48459761e-002
1.34489660e+001,-3.47232243e-002
1.34676451e+001,-3.46004724e-002
1.34863242e+001,-3.44777206e-002
1.35050033e+001,-3.43549687e-002
1.35236825e+001,-3.42322169e-002
1.35423616e+001,-3.41094651e-002
1.35610407e+001,-3.39867132e-002
1.35797198e+001,-3.38513021e-002
1.35983989e+001,-3.37105509e-002
1.36170781e+001,-3.35697998e-002
1.36357572e+001,-3.34290487e-002
1.36544363e+001,-3.32882976e-002
1.36731154e+001,-3.31475465e-002
1.36917945e+001,-3.30067954e-002
1.37104736e+001,-3.28660443e-002
1.37291528e+001,-3.27252932e-002
1.37478319e+001,-3.25845421e-002
1.37665110e+001,-3.24437909e-002
1.37851901e+001,-3.23030398e-002
1.38038692e+001,-3.21622887e-002
1.38225484e+001,-3.20215376e-002
1.38412275e+001,-3.18807865e-002
1.38599066e+001,-3.17400354e-002
1.38785857e+001,-3.15992843e-002
1.38972648e+001,-3.14585332e-002
1.39159440e+001,-3.13177821e-002
1.39346231e+001,-3.11770310e-002
1.39533022e+001,-3.10362798e-002
1.39719813e+001,-3.08971978e-002
1.39906604e+001,-3.07804581e-002
1.40093396e+001,-3.06637184e-002
1.40280187e+001,-3.05469788e-002
1.40466978e+001,-3.04302391e-002
1.40653769e+001,-3.03134994e-002
1.40840560e+001,-3.01967598e-002
1.41027352e+001,-3.00800201e-002
1.41214143e+001,-2.99632804e-002
1.41400934e+001,-2.98465408e-002
1.41587725e+001,-2.97298011e-002
1.41774516e+001,-2.96130614e-002
1.41961308e+001,-2.94963218e-002
1.42148099e+001,-2.93795821e-002
1.42334890e+001,-2.92628424e-002
1.42521681e+001,-2.91461028e-002
1.42708472e+001,-2.90293631e-002
1.42895264e+001,-2.89126234e-002
1.43082055e+001,-2.87958838e-002
1.43268846e+001,-2.86791441e-002
1.43455637e+001,-2.85624044e-002
1.43642428e+001,-2.84456647e-002
1.43829219e+001,-2.83289251e-002
1.44016011e+001,-2.82121854e-002
1.44202802e+001,-2.80954457e-002
1.44389593e+001,-2.79787061e-002
1.44576384e+001,-2.78619664e-002
1.44763175e+001,-2.77452267e-002
1.44949967e+001,-2.76284871e-002
1.45136758e+001,-2.75117474e-002
1.45323549e+001,-2.73950077e-002
1.45510340e+001,-2.72782681e-002
1.45697131e+001,-2.71615284e-002
1.45883923e+001,-2.70447887e-002
1.46070714e+001,-2.69280491e-002
1.46257505e+001,-2.68113094e-002
1.46444296e+001,-2.66945697e-002
1.46631087e+001,-2.65778301e-002
1.46817879e+001,-2.64610904e-002
1.47004670e+001,-2.63443507e-002
1.47191461e+001,-2.62276111e-002
1.47378252e+001,-2.61108714e-002
1.47565043e+001,-2.59941317e-002
1.47751835e+001,-2.58773920e-002
1.47938626e+001,-2.57606524e-002
1.48125417e+001,-2.56439127e-002
1.48312208e+001,-2.55271730e-002
1.48498999e+001,-2.54104334e-002
1.48685791e+001,-2.52936937e-002
1.48872582e+001,-2.51769540e-002
1.49059373e+001,-2.50602144e-002
1.49246164e+001,-2.49205111e-002
1.49432955e+001,-2.47630226e-002
1.49619746e+001,-2.46055341e-002
1.49806538e+001,-2.44670802e-002
1.49993329e+001,-2.43570070e-002
1.50180120e+001,-2.42512007e-002
1.50366911e+001,-2.41762975e-002
1.50553702e+001,-2.41013944e-002
1.50740494e+001,-2.40264912e-002
1.50927285e+001,-2.39515881e-002
1.51114076e+001,-2.38766849e-002
1.51300867e+001,-2.38017818e-002
1.51487658e+001,-2.37268787e-002
1.51674450e+001,-2.36519755e-002
1.51861241e+001,-2.35770724e-002
1.52048032e+001,-2.35021692e-002
1.52234823e+001,-2.34272661e-002
1.52421614e+001,-2.33523629e-002
1.52608406e+001,-2.32774598e-002
1.52795197e+001,-2.32025566e-002
1.52981988e+001,-2.31276535e-002
1.53168779e+001,-2.30527503e-002
1.53355570e+001,-2.29778472e-002
1.53542362e+001,-2.29029440e-002
1.53729153e+001,-2.28280409e-002
1.53915944e+001,-2.27531378e-002
1.54102735e+001,-2.26782346e-002
1.54289526e+001,-2.26033315e-002
1.54476318e+001,-2.25284283e-002
1.54663109e+001,-2.24535252e-002
1.54849900e+001,-2.23786220e-002
1.55036691e+001,-2.23037189e-002
1.55223482e+001,-2.22288157e-002
1.55410274e+001,-2.21539126e-002
1.55597065e+001,-2.20790094e-002
1.55783856e+001,-2.20041063e-002
1.55970647e+001,-2.19292031e-002
1.56157438e+001,-2.18543000e-002
1.56344229e+001,-2.17793969e-002
1.56531021e+001,-2.17044937e-002
1.56717812e+001,-2.16295906e-002
1.56904603e+001,-2.15546874e-002
1.57091394e+001,-2.14797843e-002
1.57278185e+001,-2.14048811e-002
1.57464977e+001,-2.13298616e-002
1.57651768e+001,-2.12538017e-002
1.57838559e+001,-2.11777418e-002
1.58025350e+001,-2.11016818e-002
1.58212141e+001,-2.10256219e-002
1.58398933e+001,-2.09495620e-002
1.58585724e+001,-2.08735021e-002
1.58772515e+001,-2.07974421e-002
1.58959306e+001,-2.07213822e-002
1.59146097e+001,-2.06453223e-002
1.59332889e+001,-2.05692623e-002
1.59519680e+001,-2.04932024e-002
1.59706471e+001,-2.04171425e-002
1.59893262e+001,-2.03410826e-002
1.60080053e+001,-2.02650226e-002
1.60266845e+001,-2.01889627e-002
1.60453636e+001,-2.01129028e-002
1.60640427e+001,-2.00368429e-002
1.60827218e+001,-1.99607829e-002
1.61014009e+001,-1.98847230e-002
1.61200801e+001,-1.98086631e-002
1.61387592e+001,-1.97326032e-002
1.61574383e+001,-1.96565432e-002
1.61761174e+001,-1.95804833e-002
1.61947965e+001,-1.95122752e-002
1.62134757e+001,-1.94633498e-002
1.62321548e+001,-1.94048982e-002
1.62508339e+001,-1.93377499e-002
1.62695130e+001,-1.92706016e-002
1.62881921e+001,-1.92034532e-002
1.63068712e+001,-1.91363049e-002
1.63255504e+001,-1.90691566e-002
1.63442295e+001,-1.90020083e-002
1.63629086e+001,-1.89348599e-002
1.63815877e+001,-1.88677116e-002
1.64002668e+001,-1.88005633e-002
1.64189460e+001,-1.87334150e-002
1.64376251e+001,-1.86662667e-002
1.64563042e+001,-1.85991183e-002
1.64749833e+001,-1.85319700e-002
1.64936624e+001,-1.84648217e-002
1.65123416e+001,-1.83976734e-002
1.65310207e+001,-1.83305250e-002
1.65496998e+001,-1.82633767e-002
1.65683789e+001,-1.81962284e-002
1.65870580e+001,-1.81290801e-002
1.66057372e+001,-1.80619317e-002
1.66244163e+001,-1.79947834e-002
1.66430954e+001,-1.79276351e-002
1.66617745e+001,-1.78604868e-002
1.66804536e+001,-1.77933384e-002
1.66991328e+001,-1.77261901e-002
1.67178119e+001,-1.76590418e-002
1.67364910e+001,-1.75918935e-002
1.67551701e+001,-1.75247451e-002
1.67738492e+001,-1.74575968e-002
1.67925284e+001,-1.73904485e-002
1.68112075e+001,-1.73233002e-002
1.68298866e+001,-1.72561518e-002
1.68485657e+001,-1.71890035e-002
1.68672448e+001,-1.71218552e-002
1.68859239e+001,-1.70546398e-002
1.69046031e+001,-1.69874176e-002
1.69232822e+001,-1.69201954e-002
1.69419613e+001,-1.68529733e-002
1.69606404e+001,-1.67857511e-002
1.69793195e+001,-1.67185289e-002
1.69979987e+001,-1.66513068e-002
1.70166778e+001,-1.65840846e-002
1.70353569e+001,-1.65168625e-002
1.70540360e+001,-1.64496403e-002
1.70727151e+001,-1.63824181e-002
1.70913943e+001,-1.63151960e-002
1.71100734e+001,-1.62479738e-002
1.71287525e+001,-1.61807517e-002
1.71474316e+001,-1.61135295e-002
1.71661107e+001,-1.60463073e-002
1.71847899e+001,-1.59790852e-002
1.72034690e+001,-1.59118630e-002
1.72221481e+001,-1.58446408e-002
1.72408272e+001,-1.57774187e-002
1.72595063e+001,-1.57101965e-002
1.72781855e+001,-1.56429744e-002
1.72968646e+001,-1.55757522e-002
1.73155437e+001,-1.54998668e-002
1.73342228e+001,-1.54487483e-002
1.73529019e+001,-1.54008584e-002
1.73715811e+001,-1.53536388e-002
1.73902602e+001,-1.53064193e-002
1.74089393e+001,-1.52591997e-002
1.74276184e+001,-1.52119802e-002
1.74462975e+001,-1.51647606e-002
1.74649767e+001,-1.51175410e-002
1.74836558e+001,-1.50703215e-002
1.75023349e+001,-1.50231019e-002
1.75210140e+001,-1.49758824e-002
1.75396931e+001,-1.49286628e-002
1.75583722e+001,-1.48814432e-002
1.75770514e+001,-1.48342237e-002
1.75957305e+001,-1.47870041e-002
1.76144096e+001,-1.47397846e-002
1.76330887e+001,-1.46925650e-002
1.76517678e+001,-1.46453455e-002
1.76704470e+001,-1.45981259e-002
1.76891261e+001,-1.45509063e-002
1.77078052e+001,-1.45036868e-002
1.77264843e+001,-1.44564672e-002
1.77451634e+001,-1.44092477e-002
1.77638426e+001,-1.43620281e-002
1.77825217e+001,-1.43148086e-002
1.78012008e+001,-1.42675890e-002
1.78198799e+001,-1.42203694e-002
1.78385590e+001,-1.41731499e-002
1.78572382e+001,-1.41259303e-002
1.78759173e+001,-1.40787108e-002
1.78945964e+001,-1.40314912e-002
1.79132755e+001,-1.39842716e-002
1.79319546e+001,-1.39370521e-002
1.79506338e+001,-1.38898325e-002
1.79693129e+001,-1.38426130e-002
1.79879920e+001,-1.37953934e-002
1.80066711e+001,-1.37481739e-002
1.80253502e+001,-1.37009543e-002
1.80440294e+001,-1.36537347e-002
1.80627085e+001,-1.36065152e-002
1.80813876e+001,-1.35592956e-002
1.81000667e+001,-1.35120761e-002
1.81187458e+001,-1.34648565e-002
1.81374249e+001,-1.34176369e-002
1.81561041e+001,-1.33704174e-002
1.81747832e+001,-1.33231978e-002
1.81934623e+001,-1.32759783e-002
1.82121414e+001,-1.32287587e-002
1.82308205e+001,-1.31815392e-002
1.82494997e+001,-1.31343196e-002
1.82681788e+001,-1.30871000e-002
1.82868579e+001,-1.30398805e-002
1.83055370e+001,-1.29926609e-002
1.83242161e+001,-1.29473557e-002
1.83428953e+001,-1.29027726e-002
1.83615744e+001,-1.28581895e-002
1.83802535e+001,-1.28136064e-002
1.83989326e+001,-1.27690233e-002
1.84176117e+001,-1.27244401e-002
1.84362909e+001,-1.26798570e-002
1.84549700e+001,-1.26352739e-002
1.84736491e+001,-1.25906908e-002
1.84923282e+001,-1.25461077e-002
1.85110073e+001,-1.25015246e-002
1.85296865e+001,-1.24569414e-002
1.85483656e+001,-1.24123583e-002
1.85670447e+001,-1.23677752e-002
1.85857238e+001,-1.23231921e-002
1.86044029e+001,-1.22786090e-002
1.86230821e+001,-1.22340258e-002
1.86417612e+001,-1.21894427e-002
1.86604403e+001,-1.21448596e-002
1.86791194e+001,-1.21002765e-002
1.86977985e+001,-1.20556934e-002
1.87164777e+001,-1.20111102e-002
1.87351568e+001,-1.19665271e-002
1.87538359e+001,-1.19219440e-002
1.87725150e+001,-1.18773609e-002
1.87911941e+001,-1.18327778e-002
1.88098732e+001,-1.17881947e-002
1.88285524e+001,-1.17436115e-002
1.88472315e+001,-1.16990284e-002
1.88659106e+001,-1.16544453e-002
1.88845897e+001,-1.16098622e-002
1.89032688e+001,-1.15652791e-002
1.89219480e+001,-1.15206959e-002
1.89406271e+001,-1.14761128e-002
1.89593062e+001,-1.14428688e-002
1.89779853e+001,-1.14128202e-002
1.89966644e+001,-1.13827716e-002
1.90153436e+001,-1.13524820e-002
1.90340227e+001,-1.13221240e-002
1.90527018e+001,-1.12917660e-002
1.90713809e+001,-1.12614080e-002
1.90900600e+001,-1.12310500e-002
1.91087392e+001,-1.12006921e-002
1.91274183e+001,-1.11703341e-002
1.91460974e+001,-1.11399761e-002
1.91647765e+001,-1.11096181e-002
1.91834556e+001,-1.10792601e-002
1.92021348e+001,-1.10489022e-002
1.92208139e+001,-1.10185442e-002
1.92394930e+001,-1.09881862e-002
1.92581721e+001,-1.09578282e-002
1.92768512e+001,-1.09274702e-002
1.92955304e+001,-1.08971123e-002
1.93142095e+001,-1.08667543e-002
1.93328886e+001,-1.08363963e-002
1.93515677e+001,-1.08060383e-002
1.93702468e+001,-1.07756804e-002
1.93889260e+001,-1.07453224e-002
1.94076051e+001,-1.07149644e-002
1.94262842e+001,-1.06846064e-002
1.94449633e+001,-1.06542484e-002
1.94636424e+001,-1.06238905e-002
1.94823215e+001,-1.05935325e-002
1.95010007e+001,-1.05631745e-002
1.95196798e+001,-1.05328165e-002
1.95383589e+001,-1.05024585e-002
1.95570380e+001,-1.04721006e-002
1.95757171e+001,-1.04417426e-002
1.95943963e+001,-1.04113846e-002
1.96130754e+001,-1.03810266e-002
1.96317545e+001,-1.03506686e-002
1.96504336e+001,-1.03203107e-002
1.96691127e+001,-1.02899527e-002
1.96877919e+001,-1.02595947e-002
1.97064710e+001,-1.02292367e-002
1.97251501e+001,-1.01988787e-002
1.97438292e+001,-1.01691994e-002
1.97625083e+001,-1.01430378e-002
1.97811875e+001,-1.01168762e-002
1.97998666e+001,-1.00907146e-002
1.98185457e+001,-1.00645531e-002
1.98372248e+001,-1.00383915e-002
1.98559039e+001,-1.00122299e-002
1.98745831e+001,-9.98606834e-003
1.98932622e+001,-9.95990677e-003
1.99119413e+001,-9.93374519e-003
1.99306204e+001,-9.90758362e-003
1.99492995e+001,-9.88142204e-003
1.99679787e+001,-9.85526047e-003
1.99866578e+001,-9.82909889e-003
2.00053369e+001,-9.80293732e-003
2.00240160e+001,-9.77677574e-003
2.00426951e+001,-9.75061417e-003
2.00613742e+001,-9.72445259e-003
2.00800534e+001,-9.69829102e-003
2.00987325e+001,-9.67212944e-003
2.01174116e+001,-9.64596787e-003
2.01360907e+001,-9.61980629e-003
2.01547698e+001,-9.59364472e-003
2.01734490e+001,-9.56748314e-003
2.01921281e+001,-9.54132157e-003
2.02108072e+001,-9.51515999e-003
2.02294863e+001,-9.48899842e-003
2.02481654e+001,-9.46283684e-003
2.02668446e+001,-9.43667527e-003
2.02855237e+001,-9.41051369e-003
2.03042028e+001,-9.38435212e-003
2.03228819e+001,-9.35819054e-003
2.03415610e+001,-9.33202897e-003
2.03602402e+001,-9.30586739e-003
2.03789193e+001,-9.27970582e-003
2.03975984e+001,-9.25354424e-003
2.04162775e+001,-9.22738267e-003
2.04349566e+001,-9.20122109e-003
2.04536358e+001,-9.17505952e-003
2.04723149e+001,-9.14889794e-003
2.04909940e+001,-9.12273637e-003
2.05096731e+001,-9.09657479e-003
2.05283522e+001,-9.07041322e-003
2.05470314e+001,-9.04425164e-003
2.05657105e+001,-9.01809007e-003
2.05843896e+001,-8.99192850e-003
2.06030687e+001,-8.96576692e-003
2.06217478e+001,-8.93960535e-003
2.06404270e+001,-8.91344377e-003
2.06591061e+001,-8.88728220e-003
2.06777852e+001,-8.86112062e-003
2.06964643e+001,-8.83495905e-003
2.07151434e+001,-8.80879747e-003
2.07338225e+001,-8.77938446e-003
2.07525017e+001,-8.74570002e-003
2.07711808e+001,-8.71201558e-003
2.07898599e+001,-8.67833114e-003
2.08085390e+001,-8.64464669e-003
2.08272181e+001,-8.62289619e-003
2.08458973e+001,-8.60481142e-003
2.08645764e+001,-8.58672664e-003
2.08832555e+001,-8.56864186e-003
2.09019346e+001,-8.55055708e-003
2.09206137e+001,-8.53247230e-003
2.09392929e+001,-8.51438753e-003
2.09579720e+001,-8.49245991e-003
2.09766511e+001,-8.46667154e-003
2.09953302e+001,-8.44088317e-003
2.10140093e+001,-8.41509480e-003
2.10326885e+001,-8.38930643e-003
2.10513676e+001,-8.36351806e-003
2.10700467e+001,-8.33772969e-003
2.10887258e+001,-8.31194132e-003
2.11074049e+001,-8.28615294e-003
2.11260841e+001,-8.26036457e-003
2.11447632e+001,-8.23457620e-003
2.11634423e+001,-8.20878783e-003
2.11821214e+001,-8.18299946e-003
2.12008005e+001,-8.15721109e-003
2.12194797e+001,-8.13142272e-003
2.12381588e+001,-8.10563435e-003
2.12568379e+001,-8.07984598e-003
2.12755170e+001,-8.05405761e-003
2.12941961e+001,-8.02826924e-003
2.13128753e+001,-8.00248086e-003
2.13315544e+001,-7.97669249e-003
2.13502335e+001,-7.95090412e-003
2.13689126e+001,-7.92511575e-003
2.13875917e+001,-7.89932738e-003
2.14062708e+001,-7.87353901e-003
2.14249500e+001,-7.84775064e-003
2.14436291e+001,-7.82196227e-003
2.14623082e+001,-7.79617390e-003
2.14809873e+001,-7.77038553e-003
2.14996664e+001,-7.74459716e-003
2.15183456e+001,-7.71880878e-003
2.15370247e+001,-7.69302041e-003
2.15557038e+001,-7.66723204e-003
2.15743829e+001,-7.64144367e-003
2.15930620e+001,-7.61585047e-003
2.16117412e+001,-7.59040020e-003
2.16304203e+001,-7.56494992e-003
2.16490994e+001,-7.53949965e-003
2.16677785e+001,-7.51404938e-003
2.16864576e+001,-7.48859911e-003
2.17051368e+001,-7.46314883e-003
2.17238159e+001,-7.43769856e-003
2.17424950e+001,-7.41224829e-003
2.17611741e+001,-7.38679802e-003
2.17798532e+001,-7.36134774e-003
2.17985324e+001,-7.33589747e-003
2.18172115e+001,-7.31044720e-003
2.18358906e+001,-7.28499693e-003
2.18545697e+001,-7.25954665e-003
2.18732488e+001,-7.23409638e-003
2.18919280e+001,-7.20864611e-003
2.19106071e+001,-7.18319584e-003
2.19292862e+001,-7.15774557e-003
2.19479653e+001,-7.13229529e-003
2.19666444e+001,-7.10684502e-003
2.19853235e+001,-7.08139475e-003
2.20040027e+001,-7.05594448e-003
2.20226818e+001,-7.03049420e-003
2.20413609e+001,-7.00504393e-003
2.20600400e+001,-6.97959366e-003
2.20787191e+001,-6.95414339e-003
2.20973983e+001,-6.92869311e-003
2.21160774e+001,-6.90324284e-003
2.21347565e+001,-6.87321436e-003
2.21534356e+001,-6.84313372e-003
2.21721147e+001,-6.81305308e-003
2.21907939e+001,-6.78297244e-003
2.22094730e+001,-6.75289180e-003
2.22281521e+001,-6.72281116e-003
2.22468312e+001,-6.69273052e-003
2.22655103e+001,-6.66264988e-003
2.22841895e+001,-6.63256924e-003
2.23028686e+001,-6.60248859e-003
2.23215477e+001,-6.57268085e-003
2.23402268e+001,-6.55235681e-003
2.23589059e+001,-6.53203276e-003
2.23775851e+001,-6.51170871e-003
2.23962642e+001,-6.49138467e-003
2.24149433e+001,-6.47106062e-003
2.24336224e+001,-6.45198011e-003
2.24523015e+001,-6.43611350e-003
2.24709807e+001,-6.42024690e-003
2.24896598e+001,-6.40438029e-003
2.25083389e+001,-6.38851369e-003
2.25270180e+001,-6.37264708e-003
2.25456971e+001,-6.35678048e-003
2.25643763e+001,-6.34091387e-003
2.25830554e+001,-6.32504727e-003
2.26017345e+001,-6.30918066e-003
2.26204136e+001,-6.29336831e-003
2.26390927e+001,-6.27772120e-003
2.26577718e+001,-6.26207409e-003
2.26764510e+001,-6.24642699e-003
2.26951301e+001,-6.23077988e-003
2.27138092e+001,-6.21513277e-003
2.27324883e+001,-6.19948567e-003
2.27511674e+001,-6.18383856e-003
2.27698466e+001,-6.16819145e-003
2.27885257e+001,-6.15254434e-003
2.28072048e+001,-6.13689724e-003
2.28258839e+001,-6.12125013e-003
2.28445630e+001,-6.10560302e-003
2.28632422e+001,-6.08995592e-003
2.28819213e+001,-6.07430881e-003
2.29006004e+001,-6.05866170e-003
2.29192795e+001,-6.04301459e-003
2.29379586e+001,-6.02736749e-003
2.29566378e+001,-6.01172038e-003
2.29753169e+001,-5.99607327e-003
2.29939960e+001,-5.98042617e-003
2.30126751e+001,-5.96477906e-003
2.30313542e+001,-5.94913195e-003
2.30500334e+001,-5.93348484e-003
2.30687125e+001,-5.91783774e-003
2.30873916e+001,-5.90219063e-003
2.31060707e+001,-5.88654352e-003
2.31247498e+001,-5.87089642e-003
2.31434290e+001,-5.85524931e-003
2.31621081e+001,-5.83960220e-003
2.31807872e+001,-5.82395509e-003
2.31994663e+001,-5.80830799e-003
2.32181454e+001,-5.79266088e-003
2.32368245e+001,-5.77701377e-003
2.32555037e+001,-5.76136667e-003
2.32741828e+001,-5.74571956e-003
2.32928619e+001,-5.73007245e-003
2.33115410e+001,-5.71442534e-003
2.33302201e+001,-5.69877824e-003
2.33488993e+001,-5.68313113e-003
2.33675784e+001,-5.66748402e-003
2.33862575e+001,-5.65183692e-003
2.34049366e+001,-5.63618981e-003
2.34236157e+001,-5.62054270e-003
2.34422949e+001,-5.60489559e-003
2.34609740e+001,-5.58924849e-003
2.34796531e+001,-5.57360138e-003
2.34983322e+001,-5.55795427e-003
2.35170113e+001,-5.54230717e-003
2.35356905e+001,-5.52666006e-003
2.35543696e+001,-5.51101295e-003
2.35730487e+001,-5.49536584e-003
2.35917278e+001,-5.47966107e-003
2.36104069e+001,-5.46344548e-003
2.36290861e+001,-5.44722989e-003
2.36477652e+001,-5.43101430e-003
2.36664443e+001,-5.41479871e-003
2.36851234e+001,-5.39858313e-003
2.37038025e+001,-5.38236754e-003
2.37224817e+001,-5.36615195e-003
2.37411608e+001,-5.34993636e-003
2.37598399e+001,-5.33372077e-003
2.37785190e+001,-5.31750518e-003
2.37971981e+001,-5.30128960e-003
2.38158773e+001,-5.28507401e-003
2.38345564e+001,-5.26885842e-003
2.38532355e+001,-5.25264283e-003
2.38719146e+001,-5.23642724e-003
2.38905937e+001,-5.22021165e-003
2.39092728e+001,-5.20399607e-003
2.39279520e+001,-5.18778048e-003
2.39466311e+001,-5.17156489e-003
2.39653102e+001,-5.15522387e-003
2.39839893e+001,-5.13693823e-003
2.40026684e+001,-5.11865259e-003
2.40213476e+001,-5.10036695e-003
2.40400267e+001,-5.08208131e-003
2.40587058e+001,-5.06379567e-003
2.40773849e+001,-5.04551003e-003
2.40960640e+001,-5.02722439e-003
2.41147432e+001,-5.00893875e-003
2.41334223e+001,-4.99065311e-003
2.41521014e+001,-4.97236747e-003
2.41707805e+001,-4.95408183e-003
2.41894596e+001,-4.93579619e-003
2.42081388e+001,-4.91751055e-003
2.42268179e+001,-4.89922491e-003
2.42454970e+001,-4.88093927e-003
2.42641761e+001,-4.86265363e-003
2.42828552e+001,-4.84627954e-003
2.43015344e+001,-4.83292201e-003
2.43202135e+001,-4.81956448e-003
2.43388926e+001,-4.80620695e-003
2.43575717e+001,-4.79284942e-003
2.43762508e+001,-4.77949190e-003
2.43949300e+001,-4.76613437e-003
2.44136091e+001,-4.75277684e-003
2.44322882e+001,-4.73941931e-003
2.44509673e+001,-4.72606178e-003
2.44696464e+001,-4.71270425e-003
2.44883256e+001,-4.69934672e-003
2.45070047e+001,-4.68598919e-003
2.45256838e+001,-4.67263166e-003
2.45443629e+001,-4.65927413e-003
2.45630420e+001,-4.64591660e-003
2.45817211e+001,-4.63255907e-003
2.46004003e+001,-4.61920154e-003
2.46190794e+001,-4.60584401e-003
2.46377585e+001,-4.59248648e-003
2.46564376e+001,-4.57904753e-003
2.46751167e+001,-4.56543982e-003
2.46937959e+001,-4.55183210e-003
2.47124750e+001,-4.53822439e-003
2.47311541e+001,-4.52461668e-003
2.47498332e+001,-4.51100897e-003
2.47685123e+001,-4.49740126e-003
2.47871915e+001,-4.48379355e-003
2.48058706e+001,-4.47018584e-003
2.48245497e+001,-4.45657813e-003
2.48432288e+001,-4.44297042e-003
2.48619079e+001,-4.42936271e-003
2.48805871e+001,-4.41575500e-003
2.48992662e+001,-4.40214729e-003
2.49179453e+001,-4.38853958e-003
2.49366244e+001,-4.37493187e-003
2.49553035e+001,-4.36132416e-003
2.49739827e+001,-4.34771645e-003
2.49926618e+001,-4.33410874e-003
2.50113409e+001,-4.32050103e-003
2.50300200e+001,-4.30689332e-003
2.50486991e+001,-4.29328561e-003
2.50673783e+001,-4.27967790e-003
2.50860574e+001,-4.26857916e-003
2.51047365e+001,-4.25836453e-003
2.51234156e+001,-4.24814989e-003
2.51420947e+001,-4.23793526e-003
2.51607738e+001,-4.22772063e-003
2.51794530e+001,-4.21750600e-003
2.51981321e+001,-4.20729136e-003
2.52168112e+001,-4.19707673e-003
2.52354903e+001,-4.18686210e-003
2.52541694e+001,-4.17664746e-003
2.52728486e+001,-4.16643283e-003
2.52915277e+001,-4.15621820e-003
2.53102068e+001,-4.14600356e-003
2.53288859e+001,-4.13578893e-003
2.53475650e+001,-4.12557430e-003
2.53662442e+001,-4.11535966e-003
2.53849233e+001,-4.10514503e-003
2.54036024e+001,-4.09493040e-003
2.54222815e+001,-4.08471577e-003
2.54409606e+001,-4.07450113e-003
2.54596398e+001,-4.06428650e-003
2.54783189e+001,-4.05407187e-003
2.54969980e+001,-4.04385723e-003
2.55156771e+001,-4.03364260e-003
2.55343562e+001,-4.02342797e-003
2.55530354e+001,-4.01321333e-003
2.55717145e+001,-4.00299870e-003
2.55903936e+001,-3.99278407e-003
2.56090727e+001,-3.98256943e-003
2.56277518e+001,-3.97137176e-003
2.56464310e+001,-3.96009781e-003
2.56651101e+001,-3.94882386e-003
2.56837892e+001,-3.93754991e-003
2.57024683e+001,-3.92627596e-003
2.57211474e+001,-3.91500201e-003
2.57398266e+001,-3.90372806e-003
2.57585057e+001,-3.89245411e-003
2.57771848e+001,-3.88118016e-003
2.57958639e+001,-3.86990621e-003
2.58145430e+001,-3.85863225e-003
2.58332221e+001,-3.84735830e-003
2.58519013e+001,-3.83608435e-003
2.58705804e+001,-3.82481040e-003
2.58892595e+001,-3.81353645e-003
2.59079386e+001,-3.80226250e-003
2.59266177e+001,-3.79098855e-003
2.59452969e+001,-3.77971460e-003
2.59639760e+001,-3.76844065e-003
2.59826551e+001,-3.75716670e-003
2.60013342e+001,-3.74589275e-003
2.60200133e+001,-3.73461880e-003
2.60386925e+001,-3.72334484e-003
2.60573716e+001,-3.71207089e-003
2.60760507e+001,-3.70079694e-003
2.60947298e+001,-3.68952299e-003
2.61134089e+001,-3.67824904e-003
2.61320881e+001,-3.66697509e-003
2.61507672e+001,-3.65570114e-003
2.61694463e+001,-3.64442719e-003
2.61881254e+001,-3.63315324e-003
2.62068045e+001,-3.62187929e-003
2.62254837e+001,-3.61060534e-003
2.62441628e+001,-3.59933139e-003
2.62628419e+001,-3.58805743e-003
2.62815210e+001,-3.57672520e-003
2.63002001e+001,-3.56482031e-003
2.63188793e+001,-3.55291542e-003
2.63375584e+001,-3.54101053e-003
2.63562375e+001,-3.52910564e-003
2.63749166e+001,-3.51720074e-003
2.63935957e+001,-3.50529585e-003
2.64122748e+001,-3.49339096e-003
2.64309540e+001,-3.48148607e-003
2.64496331e+001,-3.46958118e-003
2.64683122e+001,-3.45767628e-003
2.64869913e+001,-3.44577139e-003
2.65056704e+001,-3.43386650e-003
2.65243496e+001,-3.42196161e-003
2.65430287e+001,-3.41005672e-003
2.65617078e+001,-3.39815182e-003
2.65803869e+001,-3.38577349e-003
2.65990660e+001,-3.37296943e-003
2.66177452e+001,-3.36016538e-003
2.66364243e+001,-3.34736133e-003
2.66551034e+001,-3.33455727e-003
2.66737825e+001,-3.32175322e-003
2.66924616e+001,-3.30894917e-003
2.67111408e+001,-3.29614511e-003
2.67298199e+001,-3.28334106e-003
2.67484990e+001,-3.27053701e-003
2.67671781e+001,-3.25773296e-003
2.67858572e+001,-3.24492890e-003
2.68045364e+001,-3.23212485e-003
2.68232155e+001,-3.21932080e-003
2.68418946e+001,-3.20651674e-003
2.68605737e+001,-3.19371269e-003
2.68792528e+001,-3.18090864e-003
2.68979320e+001,-3.16810458e-003
2.69166111e+001,-3.15530053e-003
2.69352902e+001,-3.14249648e-003
2.69539693e+001,-3.12969242e-003
2.69726484e+001,-3.11863079e-003
2.69913276e+001,-3.10975340e-003
2.70100067e+001,-3.10087600e-003
2.70286858e+001,-3.09199861e-003
2.70473649e+001,-3.08312122e-003
2.70660440e+001,-3.07424383e-003
2.70847231e+001,-3.06536643e-003
2.71034023e+001,-3.05648904e-003
2.71220814e+001,-3.04761165e-003
2.71407605e+001,-3.03873426e-003
2.71594396e+001,-3.02985686e-003
2.71781187e+001,-3.02097947e-003
2.71967979e+001,-3.01210208e-003
2.72154770e+001,-3.00322469e-003
2.72341561e+001,-2.99434729e-003
2.72528352e+001,-2.98546990e-003
2.72715143e+001,-2.97659251e-003
2.72901935e+001,-2.96771512e-003
2.73088726e+001,-2.95883772e-003
2.73275517e+001,-2.94996033e-003
2.73462308e+001,-2.94167324e-003
2.73649099e+001,-2.93462339e-003
2.73835891e+001,-2.92757354e-003
2.74022682e+001,-2.92052368e-003
2.74209473e+001,-2.91347383e-003
2.74396264e+001,-2.90642398e-003
2.74583055e+001,-2.89937413e-003
2.74769847e+001,-2.89232428e-003
2.74956638e+001,-2.88527443e-003
2.75143429e+001,-2.87822458e-003
2.75330220e+001,-2.87117473e-003
2.75517011e+001,-2.86412488e-003
2.75703803e+001,-2.85707503e-003
2.75890594e+001,-2.85002518e-003
2.76077385e+001,-2.84297533e-003
2.76264176e+001,-2.83592548e-003
2.76450967e+001,-2.82887562e-003
2.76637759e+001,-2.82182577e-003
2.76824550e+001,-2.81477592e-003
2.77011341e+001,-2.80772607e-003
2.77198132e+001,-2.80067622e-003
2.77384923e+001,-2.79362637e-003
2.77571714e+001,-2.78657652e-003
2.77758506e+001,-2.77952667e-003
2.77945297e+001,-2.77247682e-003
2.78132088e+001,-2.76542697e-003
2.78318879e+001,-2.75837712e-003
2.78505670e+001,-2.75132727e-003
2.78692462e+001,-2.74427742e-003
2.78879253e+001,-2.73722756e-003
2.79066044e+001,-2.73017771e-003
2.79252835e+001,-2.72312786e-003
2.79439626e+001,-2.71607801e-003
2.79626418e+001,-2.70902816e-003
2.79813209e+001,-2.70197831e-003
2.80000000e+001,-2.69492836e-003